1 7 
2 0 
3 0 
4 0 
5 2 
6 2 
7 0 
8 6 
9 0 
10 0 
11 0 
12 0 
13 0 
14 1 
15 0 
16 5 
17 0 
18 3 
19 0 
20 0 
21 0 
22 0 
23 0 
24 0 
25 5 
26 0 
27 0 
28 0 
29 1 
30 0 
31 0 
32 0 
33 5 
34 0 
35 3 
36 2 
37 0 
38 0 
39 0 
40 0 
41 2 
42 0 
43 6 
44 0 
45 0 
46 0 
47 7 
48 7 
49 0 
50 3 
51 1 
52 0 
53 0 
54 0 
55 0 
56 0 
57 0 
58 5 
59 0 
60 0 
61 5 
62 7 
63 7 
64 0 
65 0 
66 0 
67 0 
68 0 
69 0 
70 0 
71 5 
72 5 
73 5 
74 7 
75 7 
76 1 
77 0 
78 4 
79 4 
80 4 
81 0 
82 0 
83 0 
84 2 
85 0 
86 0 
87 7 
88 0 
89 0 
90 7 
91 0 
92 0 
93 0 
94 0 
95 2 
96 0 
97 0 
98 0 
99 0 
100 0 
101 0 
102 3 
103 3 
104 0 
105 0 
106 0 
107 0 
108 0 
109 0 
110 0 
111 1 
112 0 
113 1 
114 1 
115 0 
116 7 
117 0 
118 0 
119 0 
120 0 
121 2 
122 2 
123 0 
124 1 
125 1 
126 0 
127 7 
128 2 
129 2 
130 0 
131 0 
132 0 
133 2 
134 2 
135 0 
136 4 
137 7 
138 7 
139 3 
140 7 
141 3 
142 7 
143 2 
144 2 
145 0 
146 0 
147 0 
148 6 
149 0 
150 0 
151 0 
152 6 
153 0 
154 2 
155 5 
156 0 
157 0 
158 0 
159 4 
160 4 
161 6 
162 0 
163 2 
164 0 
165 0 
166 0 
167 0 
168 0 
169 1 
170 1 
171 0 
172 0 
173 1 
174 0 
175 0 
176 3 
177 0 
178 0 
179 0 
180 7 
181 0 
182 5 
183 0 
184 0 
185 0 
186 0 
187 0 
188 0 
189 0 
190 0 
191 5 
192 0 
193 4 
194 1 
195 0 
196 7 
197 0 
198 3 
199 0 
200 0 
201 5 
202 0 
203 0 
204 0 
205 2 
206 2 
207 0 
208 0 
209 5 
210 0 
211 0 
212 0 
213 3 
214 0 
215 0 
216 0 
217 2 
218 2 
219 0 
220 0 
221 0 
222 0 
223 0 
224 0 
225 7 
226 0 
227 7 
228 0 
229 0 
230 0 
231 0 
232 0 
233 4 
234 7 
235 0 
236 0 
237 3 
238 0 
239 0 
240 0 
241 0 
242 3 
243 0 
244 7 
245 7 
246 6 
247 0 
248 1 
249 0 
250 0 
251 0 
252 4 
253 0 
254 0 
255 3 
256 0 
257 0 
258 0 
259 0 
260 3 
261 2 
262 0 
263 0 
264 0 
265 0 
266 0 
267 0 
268 6 
269 0 
270 0 
271 1 
272 0 
273 0 
274 5 
275 0 
276 0 
277 0 
278 0 
279 0 
280 7 
281 0 
282 7 
283 0 
284 0 
285 0 
286 0 
287 0 
288 0 
289 4 
290 0 
291 1 
292 0 
293 0 
294 0 
295 7 
296 5 
297 0 
298 5 
299 3 
300 0 
301 0 
302 0 
303 0 
304 1 
305 0 
306 0 
307 1 
308 0 
309 0 
310 0 
311 0 
312 0 
313 0 
314 0 
315 0 
316 0 
317 0 
318 0 
319 0 
320 1 
321 0 
322 4 
323 4 
324 5 
325 6 
326 6 
327 0 
328 0 
329 0 
330 0 
331 0 
332 0 
333 0 
334 0 
335 4 
336 0 
337 0 
338 0 
339 5 
340 5 
341 5 
342 1 
343 0 
344 0 
345 1 
346 2 
347 2 
348 0 
349 0 
350 1 
351 3 
352 0 
353 3 
354 3 
355 0 
356 3 
357 0 
358 0 
359 0 
360 0 
361 0 
362 0 
363 6 
364 0 
365 2 
366 5 
367 0 
368 0 
369 7 
370 3 
371 3 
372 0 
373 2 
374 0 
375 1 
376 6 
377 0 
378 3 
379 3 
380 3 
381 0 
382 7 
383 0 
384 0 
385 0 
386 3 
387 5 
388 4 
389 2 
390 6 
391 2 
392 2 
393 5 
394 0 
395 1 
396 3 
397 0 
398 0 
399 3 
400 1 
401 0 
402 5 
403 7 
404 7 
405 7 
406 7 
407 7 
408 5 
409 5 
410 0 
411 0 
412 0 
413 2 
414 2 
415 2 
416 0 
417 0 
418 0 
419 1 
420 0 
421 0 
422 1 
423 5 
424 5 
425 2 
426 7 
427 7 
428 4 
429 0 
430 0 
431 0 
432 0 
433 0 
434 0 
435 0 
436 1 
437 0 
438 3 
439 3 
440 0 
441 0 
442 1 
443 0 
444 0 
445 0 
446 0 
447 0 
448 6 
449 0 
450 2 
451 0 
452 0 
453 0 
454 0 
455 0 
456 0 
457 0 
458 7 
459 0 
460 0 
461 3 
462 0 
463 0 
464 3 
465 7 
466 0 
467 7 
468 7 
469 0 
470 2 
471 0 
472 0 
473 6 
474 0 
475 0 
476 0 
477 0 
478 2 
479 0 
480 2 
481 5 
482 0 
483 0 
484 0 
485 0 
486 3 
487 4 
488 5 
489 1 
490 1 
491 6 
492 0 
493 0 
494 0 
495 2 
496 2 
497 0 
498 6 
499 3 
500 0 
501 0 
502 0 
503 0 
504 0 
505 0 
506 0 
507 0 
508 1 
509 0 
510 7 
511 5 
512 5 
513 5 
514 0 
515 0 
516 0 
517 4 
518 0 
519 0 
520 0 
521 7 
522 1 
523 0 
524 0 
525 4 
526 0 
527 0 
528 0 
529 3 
530 2 
531 2 
532 0 
533 5 
534 6 
535 0 
536 7 
537 2 
538 0 
539 7 
540 0 
541 0 
542 0 
543 0 
544 5 
545 3 
546 0 
547 0 
548 0 
549 0 
550 0 
551 0 
552 0 
553 0 
554 2 
555 3 
556 7 
557 7 
558 0 
559 0 
560 0 
561 0 
562 5 
563 0 
564 5 
565 0 
566 0 
567 0 
568 0 
569 0 
570 0 
571 0 
572 0 
573 0 
574 0 
575 0 
576 3 
577 1 
578 0 
579 0 
580 0 
581 3 
582 3 
583 0 
584 0 
585 0 
586 0 
587 5 
588 0 
589 2 
590 0 
591 7 
592 0 
593 0 
594 4 
595 0 
596 5 
597 0 
598 0 
599 0 
600 0 
601 5 
602 0 
603 0 
604 2 
605 1 
606 0 
607 5 
608 5 
609 2 
610 0 
611 7 
612 0 
613 0 
614 4 
615 4 
616 0 
617 0 
618 0 
619 0 
620 3 
621 0 
622 0 
623 0 
624 0 
625 2 
626 2 
627 0 
628 0 
629 1 
630 1 
631 1 
632 1 
633 0 
634 0 
635 5 
636 7 
637 7 
638 6 
639 0 
640 0 
641 1 
642 0 
643 0 
644 0 
645 7 
646 0 
647 0 
648 0 
649 0 
650 5 
651 5 
652 7 
653 1 
654 0 
655 0 
656 1 
657 0 
658 0 
659 0 
660 1 
661 0 
662 0 
663 0 
664 0 
665 0 
666 0 
667 2 
668 2 
669 0 
670 0 
671 0 
672 0 
673 0 
674 0 
675 0 
676 2 
677 0 
678 0 
679 0 
680 5 
681 4 
682 4 
683 4 
684 4 
685 6 
686 0 
687 0 
688 3 
689 7 
690 3 
691 3 
692 3 
693 0 
694 0 
695 0 
696 0 
697 0 
698 0 
699 0 
700 0 
701 1 
702 1 
703 0 
704 6 
705 5 
706 7 
707 1 
708 0 
709 2 
710 3 
711 0 
712 0 
713 0 
714 0 
715 0 
716 0 
717 0 
718 0 
719 0 
720 7 
721 4 
722 4 
723 4 
724 2 
725 2 
726 2 
727 0 
728 0 
729 7 
730 7 
731 0 
732 0 
733 0 
734 0 
735 0 
736 0 
737 0 
738 0 
739 0 
740 0 
741 0 
742 0 
743 2 
744 2 
745 2 
746 2 
747 1 
748 0 
749 6 
750 5 
751 0 
752 0 
753 0 
754 7 
755 2 
756 0 
757 5 
758 5 
759 0 
760 0 
761 3 
762 0 
763 6 
764 2 
765 0 
766 0 
767 0 
768 1 
769 7 
770 3 
771 0 
772 0 
773 0 
774 6 
775 7 
776 0 
777 2 
778 4 
779 6 
780 0 
781 0 
782 0 
783 7 
784 7 
785 0 
786 1 
787 1 
788 0 
789 0 
790 0 
791 0 
792 0 
793 0 
794 0 
795 0 
796 0 
797 0 
798 5 
799 0 
800 0 
801 4 
802 1 
803 0 
804 7 
805 4 
806 4 
807 2 
808 0 
809 0 
810 6 
811 0 
812 0 
813 0 
814 0 
815 0 
816 0 
817 0 
818 1 
819 0 
820 7 
821 0 
822 0 
823 3 
824 2 
825 2 
826 0 
827 6 
828 0 
829 0 
830 5 
831 7 
832 7 
833 7 
834 0 
835 0 
836 0 
837 0 
838 0 
839 1 
840 0 
841 7 
842 0 
843 0 
844 5 
845 1 
846 2 
847 0 
848 7 
849 0 
850 0 
851 0 
852 0 
853 6 
854 0 
855 6 
856 0 
857 0 
858 0 
859 0 
860 0 
861 0 
862 0 
863 7 
864 0 
865 7 
866 0 
867 0 
868 0 
869 1 
870 0 
871 0 
872 0 
873 3 
874 0 
875 0 
876 0 
877 1 
878 5 
879 0 
880 0 
881 7 
882 0 
883 0 
884 0 
885 0 
886 0 
887 0 
888 0 
889 0 
890 2 
891 0 
892 0 
893 7 
894 0 
895 0 
896 0 
897 7 
898 3 
899 0 
900 0 
901 0 
902 0 
903 0 
904 5 
905 0 
906 7 
907 0 
908 0 
909 2 
910 0 
911 0 
912 0 
913 0 
914 0 
915 7 
916 7 
917 7 
918 6 
919 3 
920 1 
921 0 
922 0 
923 0 
924 0 
925 0 
926 1 
927 0 
928 0 
929 0 
930 7 
931 7 
932 0 
933 0 
934 1 
935 0 
936 0 
937 0 
938 5 
939 0 
940 5 
941 5 
942 5 
943 2 
944 0 
945 7 
946 3 
947 5 
948 5 
949 1 
950 1 
951 1 
952 3 
953 0 
954 7 
955 7 
956 6 
957 1 
958 6 
959 0 
960 0 
961 0 
962 0 
963 0 
964 3 
965 2 
966 2 
967 2 
968 2 
969 2 
970 0 
971 0 
972 0 
973 0 
974 0 
975 0 
976 0 
977 0 
978 7 
979 0 
980 3 
981 3 
982 3 
983 0 
984 0 
985 0 
986 0 
987 0 
988 1 
989 0 
990 0 
991 0 
992 0 
993 0 
994 0 
995 0 
996 0 
997 4 
998 0 
999 0 
1000 5 
