403 1 
591 1 
3 2 
312 2 
734 2 
896 2 
2 3 
4 3 
3 4 
5 4 
349 4 
739 4 
4 5 
6 5 
5 6 
84 6 
537 6 
64 7 
381 7 
325 8 
363 8 
685 8 
956 8 
10 9 
96 9 
321 9 
457 9 
776 9 
9 10 
11 10 
224 10 
10 11 
123 11 
370 11 
13 12 
331 12 
12 13 
14 13 
13 14 
15 14 
271 14 
304 14 
869 14 
14 15 
16 15 
548 15 
559 15 
996 15 
15 16 
25 16 
33 16 
61 16 
93 16 
154 16 
155 16 
298 16 
324 16 
340 16 
341 16 
366 16 
393 16 
402 16 
403 16 
409 16 
488 16 
494 16 
511 16 
533 16 
544 16 
562 16 
564 16 
600 16 
601 16 
608 16 
635 16 
680 16 
705 16 
776 16 
798 16 
830 16 
847 16 
878 16 
904 16 
1000 16 
358 17 
912 17 
19 18 
50 18 
198 18 
873 18 
952 18 
18 19 
20 19 
837 19 
19 20 
154 20 
776 20 
49 21 
23 22 
151 22 
197 22 
370 22 
449 22 
731 22 
22 23 
24 23 
70 23 
437 23 
861 23 
23 24 
52 24 
466 24 
494 24 
507 24 
600 24 
959 24 
16 25 
324 25 
680 25 
241 26 
924 26 
28 27 
896 27 
929 27 
27 28 
29 28 
281 28 
623 28 
857 28 
28 29 
76 29 
170 29 
320 29 
342 29 
436 29 
508 29 
31 30 
318 30 
403 30 
30 31 
32 31 
479 31 
583 31 
902 31 
31 32 
88 32 
200 32 
204 32 
247 32 
411 32 
575 32 
868 32 
16 33 
93 33 
154 33 
155 33 
201 33 
209 33 
259 33 
324 33 
366 33 
393 33 
402 33 
403 33 
409 33 
424 33 
488 33 
494 33 
511 33 
513 33 
544 33 
564 33 
596 33 
600 33 
601 33 
607 33 
635 33 
651 33 
776 33 
798 33 
804 33 
847 33 
878 33 
904 33 
938 33 
948 33 
1000 33 
200 34 
247 34 
435 34 
36 35 
102 35 
213 35 
370 35 
529 35 
620 35 
35 36 
37 36 
121 36 
36 37 
38 37 
40 37 
68 37 
106 37 
111 37 
145 37 
150 37 
153 37 
154 37 
166 37 
170 37 
195 37 
200 37 
211 37 
212 37 
236 37 
243 37 
251 37 
263 37 
294 37 
306 37 
312 37 
319 37 
324 37 
334 37 
358 37 
359 37 
361 37 
363 37 
370 37 
384 37 
403 37 
433 37 
483 37 
508 37 
515 37 
524 37 
542 37 
549 37 
569 37 
570 37 
628 37 
629 37 
634 37 
656 37 
664 37 
671 37 
685 37 
700 37 
719 37 
733 37 
734 37 
759 37 
762 37 
776 37 
786 37 
788 37 
819 37 
854 37 
886 37 
893 37 
894 37 
896 37 
926 37 
935 37 
962 37 
975 37 
37 38 
39 38 
38 39 
40 39 
37 40 
39 40 
106 40 
170 40 
285 40 
312 40 
334 40 
385 40 
455 40 
542 40 
628 40 
734 40 
896 40 
129 41 
64 42 
381 42 
148 43 
363 43 
491 43 
534 43 
493 44 
888 44 
46 45 
494 45 
600 45 
45 46 
47 46 
46 47 
48 47 
47 48 
403 48 
783 48 
21 49 
130 49 
170 49 
220 49 
238 49 
560 49 
896 49 
923 49 
991 49 
992 49 
18 50 
154 50 
198 50 
242 50 
356 50 
370 50 
464 50 
710 50 
770 50 
776 50 
873 50 
952 50 
869 51 
24 52 
494 52 
507 52 
527 52 
600 52 
925 52 
959 52 
979 52 
54 53 
896 53 
929 53 
53 54 
55 54 
597 54 
889 54 
54 55 
56 55 
55 56 
568 56 
165 57 
202 57 
309 57 
776 57 
882 57 
73 58 
324 58 
409 58 
488 58 
601 58 
60 59 
221 59 
308 59 
321 59 
374 59 
452 59 
776 59 
977 59 
59 60 
61 60 
275 60 
349 60 
739 60 
828 60 
870 60 
16 61 
60 61 
324 61 
423 61 
865 62 
931 62 
116 63 
403 63 
7 64 
42 64 
65 64 
381 64 
64 65 
66 65 
65 66 
266 66 
903 66 
457 67 
776 67 
37 68 
69 68 
68 69 
70 69 
229 69 
767 69 
803 69 
23 70 
69 70 
71 70 
437 70 
70 71 
72 71 
324 71 
940 71 
71 72 
73 72 
540 72 
58 73 
72 73 
409 73 
488 73 
601 73 
947 73 
75 74 
893 74 
74 75 
76 75 
29 76 
75 76 
170 76 
436 76 
78 77 
106 77 
628 77 
785 77 
77 78 
79 78 
684 78 
78 79 
80 79 
388 79 
778 79 
79 80 
81 80 
233 80 
289 80 
80 81 
82 81 
257 81 
610 81 
81 82 
83 82 
199 82 
410 82 
623 82 
82 83 
200 83 
247 83 
6 84 
85 84 
144 84 
154 84 
537 84 
745 84 
84 85 
86 85 
85 86 
216 86 
566 86 
403 87 
820 87 
32 88 
200 88 
204 88 
411 88 
575 88 
868 88 
200 89 
514 89 
91 90 
180 90 
804 90 
90 91 
92 91 
657 91 
91 92 
93 92 
222 92 
16 93 
33 93 
92 93 
120 93 
126 93 
154 93 
174 93 
226 93 
232 93 
266 93 
300 93 
315 93 
324 93 
403 93 
412 93 
541 93 
618 93 
635 93 
669 93 
686 93 
693 93 
695 93 
740 93 
753 93 
772 93 
776 93 
781 93 
789 93 
792 93 
826 93 
847 93 
884 93 
901 93 
903 93 
953 93 
984 93 
200 94 
247 94 
899 94 
496 95 
9 96 
156 96 
321 96 
457 96 
776 96 
98 97 
208 97 
708 97 
776 97 
97 98 
99 98 
561 98 
98 99 
145 99 
316 99 
267 100 
216 101 
867 101 
35 102 
103 102 
213 102 
370 102 
499 102 
529 102 
582 102 
620 102 
919 102 
102 103 
104 103 
103 104 
105 104 
200 104 
247 104 
532 104 
104 105 
106 105 
37 106 
40 106 
77 106 
105 106 
170 106 
306 106 
334 106 
418 106 
524 106 
542 106 
552 106 
628 106 
634 106 
734 106 
762 106 
785 106 
896 106 
975 106 
108 107 
164 107 
200 107 
247 107 
288 107 
352 107 
355 107 
363 107 
403 107 
595 107 
685 107 
868 107 
893 107 
107 108 
109 108 
108 109 
110 109 
548 109 
559 109 
996 109 
109 110 
200 110 
588 110 
595 110 
37 111 
169 111 
170 111 
350 111 
375 111 
508 111 
629 111 
653 111 
656 111 
786 111 
802 111 
818 111 
839 111 
926 111 
451 112 
816 112 
896 112 
929 112 
170 113 
248 113 
271 113 
291 113 
304 113 
345 113 
363 113 
503 113 
522 113 
598 113 
629 113 
656 113 
768 113 
786 113 
869 113 
951 113 
170 114 
307 114 
577 114 
630 114 
845 114 
753 115 
799 115 
847 115 
879 115 
63 116 
403 116 
917 116 
197 117 
516 117 
119 118 
211 118 
585 118 
642 118 
782 118 
118 119 
120 119 
93 120 
119 120 
121 120 
232 120 
618 120 
772 120 
789 120 
792 120 
984 120 
36 121 
120 121 
122 121 
121 122 
154 122 
609 122 
11 123 
124 123 
123 124 
125 124 
490 124 
124 125 
170 125 
419 125 
93 126 
128 127 
403 127 
468 127 
783 127 
127 128 
129 128 
771 128 
41 129 
128 129 
154 129 
347 129 
49 130 
220 130 
238 130 
560 130 
991 130 
132 131 
358 131 
131 132 
133 132 
887 132 
132 133 
134 133 
133 134 
135 134 
154 134 
205 134 
478 134 
134 135 
136 135 
258 135 
445 135 
135 136 
723 136 
138 137 
536 137 
863 137 
137 138 
139 138 
138 139 
370 139 
378 139 
386 139 
282 140 
382 140 
403 140 
536 140 
730 140 
893 140 
242 141 
356 141 
464 141 
770 141 
143 142 
227 142 
539 142 
881 142 
142 143 
144 143 
625 143 
84 144 
143 144 
537 144 
37 145 
99 145 
146 145 
272 145 
273 145 
279 145 
316 145 
413 145 
463 145 
736 145 
780 145 
913 145 
970 145 
145 146 
147 146 
613 146 
146 147 
200 147 
247 147 
362 147 
403 147 
504 147 
536 147 
732 147 
808 147 
893 147 
936 147 
983 147 
43 148 
200 148 
363 148 
491 148 
534 148 
685 148 
334 149 
401 149 
734 149 
896 149 
37 150 
236 150 
524 150 
671 150 
22 151 
449 151 
246 152 
363 152 
685 152 
37 153 
16 154 
20 154 
33 154 
37 154 
50 154 
84 154 
93 154 
122 154 
129 154 
134 154 
156 154 
163 154 
170 154 
198 154 
200 154 
205 154 
206 154 
217 154 
226 154 
242 154 
254 154 
261 154 
300 154 
308 154 
309 154 
321 154 
324 154 
347 154 
354 154 
363 154 
365 154 
370 154 
373 154 
389 154 
392 154 
403 154 
425 154 
450 154 
457 154 
464 154 
470 154 
478 154 
480 154 
496 154 
537 154 
554 154 
589 154 
590 154 
601 154 
604 154 
609 154 
620 154 
626 154 
635 154 
667 154 
668 154 
676 154 
695 154 
709 154 
724 154 
726 154 
753 154 
770 154 
776 154 
777 154 
804 154 
807 154 
824 154 
846 154 
847 154 
890 154 
893 154 
901 154 
909 154 
943 154 
965 154 
967 154 
968 154 
16 155 
33 155 
324 155 
393 155 
511 155 
544 155 
635 155 
948 155 
1000 155 
96 156 
154 156 
157 156 
192 156 
321 156 
457 156 
776 156 
156 157 
158 157 
171 157 
157 158 
159 158 
847 158 
884 158 
901 158 
158 159 
160 159 
159 160 
388 160 
487 160 
801 160 
806 160 
363 161 
376 161 
685 161 
749 161 
763 161 
457 162 
469 162 
500 162 
590 162 
673 162 
776 162 
922 162 
154 163 
589 163 
107 164 
200 164 
288 164 
352 164 
57 165 
202 165 
309 165 
776 165 
866 165 
882 165 
37 166 
167 166 
433 166 
762 166 
166 167 
168 167 
663 167 
167 168 
537 168 
111 169 
170 169 
350 169 
29 170 
37 170 
40 170 
49 170 
76 170 
106 170 
111 170 
113 170 
114 170 
125 170 
154 170 
169 170 
171 170 
173 170 
200 170 
220 170 
238 170 
247 170 
248 170 
271 170 
312 170 
320 170 
324 170 
334 170 
342 170 
345 170 
350 170 
363 170 
375 170 
403 170 
419 170 
422 170 
436 170 
508 170 
524 170 
542 170 
560 170 
577 170 
628 170 
629 170 
630 170 
653 170 
654 170 
656 170 
685 170 
734 170 
768 170 
776 170 
786 170 
787 170 
802 170 
818 170 
839 170 
845 170 
893 170 
896 170 
923 170 
926 170 
929 170 
957 170 
992 170 
157 171 
170 171 
172 171 
171 172 
324 172 
558 172 
872 172 
170 173 
442 173 
629 173 
656 173 
786 173 
93 174 
185 175 
259 175 
276 175 
303 175 
324 175 
454 175 
494 175 
600 175 
666 175 
838 175 
690 176 
178 177 
259 177 
567 177 
838 177 
895 177 
177 178 
179 178 
580 178 
696 178 
178 179 
180 179 
535 179 
565 179 
616 179 
647 179 
703 179 
791 179 
90 180 
179 180 
521 180 
804 180 
916 180 
328 181 
505 181 
553 181 
654 181 
896 181 
992 181 
324 182 
387 182 
481 182 
512 182 
816 183 
200 184 
247 184 
344 184 
435 184 
885 184 
987 184 
175 185 
276 185 
303 185 
454 185 
494 185 
187 186 
624 186 
678 186 
843 186 
874 186 
963 186 
186 187 
188 187 
187 188 
189 188 
188 189 
372 189 
476 189 
590 189 
776 189 
259 190 
601 191 
156 192 
321 192 
776 192 
388 193 
428 193 
487 193 
806 193 
768 194 
37 195 
236 195 
359 195 
524 195 
962 195 
510 196 
881 196 
931 196 
22 197 
117 197 
516 197 
18 198 
50 198 
154 198 
199 198 
242 198 
381 198 
464 198 
770 198 
776 198 
873 198 
952 198 
82 199 
198 199 
200 199 
349 199 
410 199 
623 199 
739 199 
32 200 
34 200 
37 200 
83 200 
88 200 
89 200 
94 200 
104 200 
107 200 
110 200 
147 200 
148 200 
154 200 
164 200 
170 200 
184 200 
199 200 
204 200 
207 200 
247 200 
271 200 
288 200 
324 200 
325 200 
326 200 
338 200 
344 200 
355 200 
363 200 
376 200 
394 200 
403 200 
411 200 
417 200 
435 200 
514 200 
532 200 
534 200 
536 200 
575 200 
588 200 
595 200 
629 200 
656 200 
674 200 
685 200 
768 200 
774 200 
776 200 
804 200 
808 200 
810 200 
813 200 
847 200 
868 200 
885 200 
893 200 
899 200 
933 200 
936 200 
944 200 
956 200 
958 200 
987 200 
33 201 
324 201 
409 201 
488 201 
601 201 
57 202 
165 202 
309 202 
776 202 
866 202 
882 202 
272 203 
273 203 
463 203 
32 204 
88 204 
200 204 
247 204 
411 204 
575 204 
868 204 
134 205 
154 205 
450 205 
478 205 
604 205 
776 205 
777 205 
154 206 
365 206 
373 206 
554 206 
200 207 
247 207 
417 207 
518 207 
728 207 
808 207 
97 208 
708 208 
776 208 
33 209 
324 209 
424 209 
564 209 
601 209 
334 210 
37 211 
118 211 
230 211 
368 211 
398 211 
546 211 
569 211 
586 211 
782 211 
994 211 
37 212 
243 212 
524 212 
35 213 
102 213 
214 213 
370 213 
529 213 
620 213 
213 214 
215 214 
214 215 
216 215 
86 216 
101 216 
215 216 
370 216 
485 216 
566 216 
812 216 
154 217 
846 217 
965 217 
807 218 
851 219 
49 220 
130 220 
170 220 
238 220 
560 220 
991 220 
59 221 
222 221 
374 221 
776 221 
977 221 
92 222 
221 222 
223 222 
222 223 
224 223 
314 223 
10 224 
223 224 
225 224 
969 224 
224 225 
403 225 
775 225 
893 225 
93 226 
154 226 
300 226 
324 226 
541 226 
579 226 
658 226 
695 226 
753 226 
826 226 
847 226 
884 226 
901 226 
142 227 
539 227 
881 227 
229 228 
231 228 
312 228 
334 228 
734 228 
896 228 
69 229 
228 229 
230 229 
540 229 
677 229 
679 229 
752 229 
767 229 
803 229 
211 230 
229 230 
286 230 
546 230 
228 231 
312 231 
334 231 
734 231 
896 231 
93 232 
120 232 
233 232 
772 232 
789 232 
792 232 
984 232 
80 233 
232 233 
234 233 
289 233 
233 234 
235 234 
403 234 
591 234 
831 234 
234 235 
236 235 
561 235 
698 235 
37 236 
150 236 
195 236 
235 236 
251 236 
359 236 
524 236 
671 236 
886 236 
894 236 
962 236 
370 237 
499 237 
620 237 
49 238 
130 238 
170 238 
220 238 
364 238 
603 238 
606 238 
991 238 
992 238 
240 239 
537 239 
239 240 
241 240 
420 240 
540 240 
26 241 
240 241 
324 241 
563 241 
600 241 
627 241 
804 241 
875 241 
924 241 
50 242 
141 242 
154 242 
198 242 
356 242 
370 242 
464 242 
710 242 
770 242 
776 242 
873 242 
898 242 
37 243 
212 243 
244 243 
524 243 
243 244 
245 244 
244 245 
893 245 
152 246 
325 246 
326 246 
363 246 
685 246 
774 246 
32 247 
34 247 
83 247 
94 247 
104 247 
107 247 
147 247 
170 247 
184 247 
200 247 
204 247 
207 247 
288 247 
324 247 
344 247 
363 247 
394 247 
403 247 
417 247 
435 247 
514 247 
532 247 
536 247 
575 247 
674 247 
685 247 
808 247 
813 247 
868 247 
885 247 
893 247 
899 247 
987 247 
113 248 
170 248 
271 248 
345 248 
629 248 
632 248 
656 248 
707 248 
786 248 
300 249 
446 249 
541 249 
847 249 
776 250 
37 251 
236 251 
319 251 
524 251 
664 251 
719 251 
829 251 
894 251 
939 251 
989 251 
253 252 
388 252 
252 253 
254 253 
578 253 
599 253 
765 253 
996 253 
154 254 
253 254 
256 255 
464 255 
770 255 
980 255 
255 256 
257 256 
297 256 
349 256 
445 256 
573 256 
621 256 
914 256 
993 256 
81 257 
256 257 
258 257 
610 257 
135 258 
257 258 
259 258 
297 258 
445 258 
33 259 
175 259 
177 259 
190 259 
258 259 
324 259 
409 259 
477 259 
488 259 
494 259 
567 259 
600 259 
601 259 
666 259 
738 259 
760 259 
838 259 
895 259 
299 260 
370 260 
690 260 
154 261 
968 261 
883 262 
37 263 
935 263 
265 264 
321 264 
776 264 
264 265 
266 265 
655 265 
66 266 
93 266 
265 266 
883 266 
903 266 
100 267 
753 267 
811 267 
847 267 
269 268 
325 268 
326 268 
363 268 
498 268 
685 268 
774 268 
268 269 
270 269 
795 269 
269 270 
271 270 
336 270 
460 270 
14 271 
113 271 
170 271 
200 271 
248 271 
270 271 
291 271 
304 271 
363 271 
568 271 
605 271 
629 271 
656 271 
685 271 
768 271 
786 271 
851 271 
869 271 
988 271 
145 272 
203 272 
273 272 
463 272 
913 272 
145 273 
203 273 
272 273 
463 273 
913 273 
275 274 
324 274 
340 274 
705 274 
757 274 
60 275 
274 275 
276 275 
349 275 
175 276 
185 276 
275 276 
277 276 
303 276 
454 276 
494 276 
600 276 
276 277 
278 277 
548 277 
996 277 
277 278 
817 278 
145 279 
970 279 
281 280 
403 280 
652 280 
706 280 
893 280 
897 280 
28 281 
280 281 
282 281 
623 281 
140 282 
281 282 
382 282 
536 282 
730 282 
893 282 
284 283 
579 283 
826 283 
847 283 
283 284 
285 284 
40 285 
284 285 
230 286 
546 286 
896 287 
929 287 
976 287 
107 288 
164 288 
200 288 
247 288 
289 288 
352 288 
363 288 
80 289 
233 289 
288 289 
290 289 
583 289 
887 289 
289 290 
291 290 
735 290 
113 291 
271 291 
290 291 
292 291 
291 292 
293 292 
292 293 
294 293 
679 293 
37 294 
293 294 
549 294 
700 294 
854 294 
536 295 
718 295 
841 295 
893 295 
297 296 
324 296 
705 296 
256 297 
258 297 
296 297 
298 297 
445 297 
900 297 
993 297 
16 298 
297 298 
324 298 
562 298 
635 298 
260 299 
93 300 
154 300 
226 300 
249 300 
301 300 
324 300 
343 300 
446 300 
541 300 
579 300 
693 300 
826 300 
847 300 
876 300 
901 300 
903 300 
300 301 
302 301 
714 301 
301 302 
303 302 
892 302 
990 302 
175 303 
185 303 
276 303 
302 303 
454 303 
494 303 
600 303 
666 303 
14 304 
113 304 
271 304 
869 304 
505 305 
654 305 
992 305 
37 306 
106 306 
418 306 
741 306 
114 307 
59 308 
154 308 
321 308 
776 308 
932 308 
57 309 
154 309 
165 309 
202 309 
776 309 
866 309 
882 309 
924 310 
713 311 
2 312 
37 312 
40 312 
170 312 
228 312 
231 312 
313 312 
334 312 
551 312 
697 312 
734 312 
842 312 
896 312 
927 312 
929 312 
998 312 
312 313 
314 313 
597 313 
742 313 
889 313 
223 314 
313 314 
330 314 
600 314 
93 315 
412 315 
99 316 
145 316 
370 317 
421 317 
30 318 
37 319 
251 319 
719 319 
894 319 
989 319 
29 320 
170 320 
342 320 
9 321 
59 321 
96 321 
154 321 
156 321 
192 321 
264 321 
308 321 
457 321 
590 321 
776 321 
323 322 
335 322 
615 322 
721 322 
322 323 
324 323 
16 324 
25 324 
33 324 
37 324 
58 324 
61 324 
71 324 
93 324 
154 324 
155 324 
170 324 
172 324 
175 324 
182 324 
200 324 
201 324 
209 324 
226 324 
241 324 
247 324 
259 324 
274 324 
296 324 
298 324 
300 324 
323 324 
331 324 
340 324 
341 324 
363 324 
366 324 
370 324 
387 324 
393 324 
402 324 
403 324 
409 324 
423 324 
424 324 
481 324 
488 324 
494 324 
511 324 
513 324 
533 324 
544 324 
562 324 
564 324 
587 324 
596 324 
600 324 
601 324 
607 324 
608 324 
618 324 
635 324 
650 324 
651 324 
662 324 
666 324 
680 324 
685 324 
695 324 
705 324 
753 324 
757 324 
776 324 
781 324 
798 324 
804 324 
830 324 
838 324 
847 324 
878 324 
893 324 
901 324 
904 324 
938 324 
940 324 
947 324 
948 324 
953 324 
1000 324 
8 325 
200 325 
246 325 
268 325 
326 325 
363 325 
376 325 
390 325 
498 325 
638 325 
685 325 
763 325 
774 325 
810 325 
827 325 
853 325 
918 325 
956 325 
200 326 
246 326 
268 326 
325 326 
363 326 
376 326 
390 326 
498 326 
638 326 
685 326 
774 326 
810 326 
827 326 
918 326 
956 326 
753 327 
849 327 
181 328 
329 328 
553 328 
654 328 
992 328 
328 329 
330 329 
314 330 
329 330 
523 330 
12 331 
324 331 
332 331 
416 331 
822 331 
331 332 
333 332 
429 332 
472 332 
332 333 
334 333 
37 334 
40 334 
106 334 
149 334 
170 334 
210 334 
228 334 
231 334 
312 334 
333 334 
385 334 
401 334 
542 334 
628 334 
734 334 
815 334 
896 334 
929 334 
322 335 
336 335 
594 335 
615 335 
721 335 
270 336 
335 336 
337 336 
460 336 
336 337 
804 337 
200 338 
339 338 
808 338 
985 338 
338 339 
340 339 
16 340 
274 340 
324 340 
339 340 
705 340 
757 340 
16 341 
324 341 
29 342 
170 342 
320 342 
300 343 
446 343 
541 343 
826 343 
847 343 
184 344 
200 344 
247 344 
113 345 
170 345 
248 345 
346 345 
629 345 
641 345 
656 345 
786 345 
934 345 
345 346 
347 346 
129 347 
154 347 
346 347 
349 348 
381 348 
383 348 
441 348 
526 348 
776 348 
835 348 
4 349 
60 349 
199 349 
256 349 
275 349 
348 349 
350 349 
410 349 
623 349 
670 349 
739 349 
751 349 
828 349 
870 349 
921 349 
993 349 
111 350 
169 350 
170 350 
349 350 
629 350 
653 350 
656 350 
786 350 
802 350 
818 350 
839 350 
926 350 
946 351 
107 352 
164 352 
288 352 
353 352 
352 353 
354 353 
379 353 
154 354 
353 354 
107 355 
200 355 
595 355 
50 356 
141 356 
242 356 
357 356 
464 356 
770 356 
898 356 
356 357 
358 357 
17 358 
37 358 
131 358 
357 358 
569 358 
912 358 
37 359 
195 359 
236 359 
384 359 
524 359 
962 359 
600 360 
959 360 
37 361 
538 361 
569 361 
756 361 
864 361 
147 362 
936 362 
983 362 
8 363 
37 363 
43 363 
107 363 
113 363 
148 363 
152 363 
154 363 
161 363 
170 363 
200 363 
246 363 
247 363 
268 363 
271 363 
288 363 
324 363 
325 363 
326 363 
376 363 
390 363 
403 363 
448 363 
473 363 
498 363 
534 363 
536 363 
629 363 
638 363 
656 363 
685 363 
749 363 
763 363 
768 363 
774 363 
776 363 
779 363 
786 363 
810 363 
827 363 
853 363 
855 363 
868 363 
893 363 
918 363 
956 363 
958 363 
238 364 
606 364 
991 364 
154 365 
206 365 
373 365 
554 365 
16 366 
33 366 
324 366 
367 366 
511 366 
635 366 
651 366 
366 367 
368 367 
599 367 
612 367 
765 367 
996 367 
211 368 
367 368 
398 368 
586 368 
893 369 
11 370 
22 370 
35 370 
37 370 
50 370 
102 370 
139 370 
154 370 
213 370 
216 370 
237 370 
242 370 
260 370 
317 370 
324 370 
378 370 
386 370 
388 370 
396 370 
439 370 
461 370 
464 370 
486 370 
499 370 
529 370 
545 370 
555 370 
582 370 
615 370 
620 370 
688 370 
690 370 
723 370 
761 370 
770 370 
776 370 
817 370 
847 370 
919 370 
946 370 
964 370 
396 371 
576 371 
189 372 
476 372 
571 372 
590 372 
776 372 
154 373 
206 373 
365 373 
496 373 
554 373 
709 373 
776 373 
59 374 
221 374 
776 374 
977 374 
111 375 
170 375 
508 375 
926 375 
957 375 
161 376 
200 376 
325 376 
326 376 
363 376 
473 376 
685 376 
749 376 
763 376 
774 376 
810 376 
827 376 
956 376 
600 377 
712 377 
979 377 
139 378 
370 378 
379 378 
386 378 
964 378 
353 379 
378 379 
380 379 
379 380 
464 380 
770 380 
823 380 
7 381 
42 381 
64 381 
198 381 
348 381 
441 381 
776 381 
835 381 
140 382 
282 382 
536 382 
730 382 
893 382 
348 383 
37 384 
359 384 
524 384 
40 385 
334 385 
896 385 
139 386 
370 386 
378 386 
555 386 
620 386 
688 386 
964 386 
182 387 
324 387 
481 387 
512 387 
844 387 
79 388 
160 388 
193 388 
252 388 
370 388 
428 388 
487 388 
614 388 
615 388 
801 388 
806 388 
843 388 
963 388 
154 389 
325 390 
326 390 
363 390 
638 390 
685 390 
774 390 
918 390 
956 390 
909 391 
154 392 
824 392 
965 392 
16 393 
33 393 
155 393 
324 393 
635 393 
1000 393 
200 394 
247 394 
808 394 
629 395 
656 395 
786 395 
370 396 
371 396 
576 396 
736 397 
211 398 
368 398 
399 398 
546 398 
586 398 
782 398 
994 398 
398 399 
400 399 
581 399 
981 399 
399 400 
629 400 
656 400 
149 401 
334 401 
16 402 
33 402 
324 402 
635 402 
1 403 
16 403 
30 403 
33 403 
37 403 
48 403 
63 403 
87 403 
93 403 
107 403 
116 403 
127 403 
140 403 
147 403 
154 403 
170 403 
200 403 
225 403 
234 403 
247 403 
280 403 
324 403 
363 403 
404 403 
427 403 
458 403 
465 403 
467 403 
468 403 
506 403 
536 403 
539 403 
557 403 
591 403 
600 403 
601 403 
652 403 
685 403 
692 403 
706 403 
775 403 
776 403 
783 403 
804 403 
808 403 
820 403 
821 403 
831 403 
833 403 
847 403 
881 403 
893 403 
897 403 
931 403 
954 403 
403 404 
405 404 
458 404 
404 405 
406 405 
405 406 
893 406 
539 407 
409 408 
488 408 
601 408 
16 409 
33 409 
58 409 
73 409 
201 409 
259 409 
324 409 
408 409 
410 409 
488 409 
601 409 
635 409 
750 409 
947 409 
82 410 
199 410 
349 410 
409 410 
411 410 
623 410 
739 410 
32 411 
88 411 
200 411 
204 411 
410 411 
575 411 
93 412 
315 412 
781 412 
145 413 
414 413 
413 414 
415 414 
414 415 
909 415 
331 416 
822 416 
200 417 
207 417 
247 417 
808 417 
106 418 
306 418 
125 419 
170 419 
420 419 
747 419 
240 420 
419 420 
421 420 
540 420 
317 421 
420 421 
170 422 
926 422 
61 423 
324 423 
33 424 
209 424 
324 424 
488 424 
564 424 
601 424 
743 424 
154 425 
426 425 
470 425 
480 425 
890 425 
943 425 
425 426 
427 426 
403 427 
426 427 
893 427 
193 428 
388 428 
429 428 
487 428 
614 428 
806 428 
332 429 
428 429 
430 429 
472 429 
429 430 
431 430 
437 430 
643 430 
861 430 
430 431 
432 431 
431 432 
433 432 
661 432 
37 433 
166 433 
432 433 
434 433 
762 433 
433 434 
435 434 
34 435 
184 435 
200 435 
247 435 
434 435 
29 436 
76 436 
170 436 
437 436 
23 437 
70 437 
430 437 
436 437 
438 437 
643 437 
861 437 
437 438 
439 438 
370 439 
438 439 
440 439 
545 439 
620 439 
919 439 
439 440 
441 440 
858 440 
348 441 
381 441 
440 441 
776 441 
835 441 
173 442 
443 442 
629 442 
656 442 
442 443 
444 443 
443 444 
445 444 
494 444 
600 444 
135 445 
256 445 
258 445 
297 445 
444 445 
446 445 
900 445 
993 445 
249 446 
300 446 
343 446 
445 446 
541 446 
826 446 
847 446 
836 447 
363 448 
685 448 
779 448 
810 448 
855 448 
22 449 
151 449 
731 449 
154 450 
205 450 
777 450 
112 451 
816 451 
59 452 
776 452 
776 453 
175 454 
185 454 
276 454 
303 454 
494 454 
40 455 
456 455 
455 456 
457 456 
765 456 
996 456 
9 457 
67 457 
96 457 
154 457 
156 457 
162 457 
321 457 
456 457 
590 457 
776 457 
403 458 
404 458 
460 459 
536 459 
270 460 
336 460 
459 460 
461 460 
370 461 
460 461 
462 461 
499 461 
620 461 
761 461 
461 462 
463 462 
602 462 
672 462 
145 463 
203 463 
272 463 
273 463 
462 463 
50 464 
141 464 
154 464 
198 464 
242 464 
255 464 
356 464 
370 464 
380 464 
770 464 
776 464 
823 464 
898 464 
980 464 
403 465 
24 466 
600 466 
959 466 
403 467 
591 467 
831 467 
127 468 
403 468 
783 468 
162 469 
500 469 
590 469 
673 469 
776 469 
922 469 
154 470 
425 470 
471 470 
480 470 
890 470 
470 471 
472 471 
502 471 
332 472 
429 472 
471 472 
473 472 
363 473 
376 473 
472 473 
474 473 
685 473 
473 474 
475 474 
474 475 
776 475 
866 475 
189 476 
372 476 
571 476 
590 476 
776 476 
259 477 
494 477 
838 477 
895 477 
134 478 
154 478 
205 478 
479 478 
31 479 
478 479 
480 479 
540 479 
583 479 
154 480 
425 480 
470 480 
479 480 
890 480 
182 481 
324 481 
387 481 
482 481 
844 481 
481 482 
483 482 
37 483 
482 483 
515 483 
788 483 
821 484 
216 485 
836 485 
370 486 
545 486 
620 486 
919 486 
160 487 
193 487 
388 487 
428 487 
614 487 
615 487 
801 487 
806 487 
16 488 
33 488 
58 488 
73 488 
201 488 
259 488 
324 488 
408 488 
409 488 
424 488 
494 488 
564 488 
600 488 
601 488 
635 488 
750 488 
838 488 
904 488 
947 488 
490 489 
776 489 
124 490 
489 490 
491 490 
43 491 
148 491 
490 491 
492 491 
534 491 
491 492 
493 492 
794 492 
44 493 
492 493 
888 493 
16 494 
24 494 
33 494 
45 494 
52 494 
175 494 
185 494 
259 494 
276 494 
303 494 
324 494 
444 494 
454 494 
477 494 
488 494 
495 494 
507 494 
600 494 
601 494 
666 494 
699 494 
804 494 
838 494 
979 494 
494 495 
496 495 
95 496 
154 496 
373 496 
495 496 
584 497 
748 497 
905 497 
910 497 
268 498 
325 498 
326 498 
363 498 
685 498 
774 498 
956 498 
102 499 
237 499 
370 499 
461 499 
529 499 
582 499 
620 499 
761 499 
162 500 
469 500 
501 500 
590 500 
673 500 
500 501 
502 501 
471 502 
501 502 
503 502 
113 503 
502 503 
147 504 
732 504 
181 505 
305 505 
553 505 
654 505 
992 505 
403 506 
821 506 
862 506 
24 507 
52 507 
494 507 
527 507 
600 507 
925 507 
959 507 
979 507 
29 508 
37 508 
111 508 
170 508 
375 508 
629 508 
656 508 
786 508 
787 508 
926 508 
957 508 
736 509 
196 510 
539 510 
881 510 
931 510 
16 511 
33 511 
155 511 
324 511 
366 511 
635 511 
651 511 
948 511 
1000 511 
182 512 
387 512 
33 513 
324 513 
564 513 
904 513 
89 514 
200 514 
247 514 
868 514 
37 515 
483 515 
788 515 
117 516 
197 516 
615 517 
805 517 
207 518 
519 518 
518 519 
520 519 
519 520 
564 520 
180 521 
804 521 
916 521 
113 522 
330 523 
37 524 
106 524 
150 524 
170 524 
195 524 
212 524 
236 524 
243 524 
251 524 
359 524 
384 524 
671 524 
719 524 
733 524 
759 524 
762 524 
886 524 
894 524 
908 524 
962 524 
601 525 
683 525 
348 526 
835 526 
52 527 
507 527 
528 527 
600 527 
979 527 
527 528 
529 528 
35 529 
102 529 
213 529 
370 529 
499 529 
528 529 
582 529 
620 529 
531 530 
537 530 
530 531 
532 531 
104 532 
200 532 
247 532 
531 532 
16 533 
324 533 
608 533 
43 534 
148 534 
200 534 
363 534 
491 534 
535 534 
574 534 
704 534 
179 535 
534 535 
536 535 
565 535 
616 535 
647 535 
703 535 
791 535 
137 536 
140 536 
147 536 
200 536 
247 536 
282 536 
295 536 
363 536 
382 536 
403 536 
459 536 
535 536 
645 536 
689 536 
730 536 
769 536 
808 536 
863 536 
893 536 
6 537 
84 537 
144 537 
154 537 
168 537 
239 537 
530 537 
745 537 
776 537 
847 537 
909 537 
361 538 
569 538 
864 538 
142 539 
227 539 
403 539 
407 539 
510 539 
540 539 
754 539 
804 539 
848 539 
865 539 
881 539 
893 539 
931 539 
72 540 
229 540 
240 540 
420 540 
479 540 
539 540 
541 540 
583 540 
803 540 
990 540 
93 541 
226 541 
249 541 
300 541 
343 541 
446 541 
540 541 
826 541 
847 541 
876 541 
37 542 
40 542 
106 542 
170 542 
334 542 
543 542 
628 542 
896 542 
907 542 
542 543 
544 543 
670 543 
16 544 
33 544 
155 544 
324 544 
543 544 
635 544 
1000 544 
370 545 
439 545 
486 545 
620 545 
919 545 
211 546 
230 546 
286 546 
398 546 
547 546 
586 546 
649 546 
748 546 
546 547 
548 547 
771 547 
974 547 
15 548 
109 548 
277 548 
547 548 
549 548 
559 548 
599 548 
765 548 
996 548 
37 549 
294 549 
548 549 
634 549 
700 549 
762 549 
847 550 
901 550 
312 551 
734 551 
842 551 
896 551 
927 551 
106 552 
181 553 
328 553 
505 553 
654 553 
896 553 
992 553 
154 554 
206 554 
365 554 
373 554 
709 554 
776 554 
370 555 
386 555 
556 555 
964 555 
555 556 
557 556 
978 556 
403 557 
556 557 
591 557 
172 558 
559 558 
675 558 
872 558 
15 559 
109 559 
548 559 
558 559 
560 559 
996 559 
49 560 
130 560 
170 560 
220 560 
559 560 
561 560 
98 561 
235 561 
560 561 
562 561 
698 561 
16 562 
298 562 
324 562 
561 562 
241 563 
875 563 
16 564 
33 564 
209 564 
324 564 
424 564 
488 564 
513 564 
520 564 
565 564 
601 564 
635 564 
904 564 
179 565 
535 565 
564 565 
566 565 
616 565 
647 565 
703 565 
86 566 
216 566 
565 566 
812 566 
177 567 
259 567 
895 567 
56 568 
271 568 
37 569 
211 569 
358 569 
361 569 
538 569 
633 569 
737 569 
756 569 
864 569 
37 570 
762 570 
372 571 
476 571 
572 571 
590 571 
776 571 
571 572 
573 572 
256 573 
572 573 
574 573 
993 573 
534 574 
573 574 
32 575 
88 575 
200 575 
204 575 
247 575 
411 575 
868 575 
371 576 
396 576 
114 577 
170 577 
578 577 
845 577 
253 578 
577 578 
579 578 
599 578 
765 578 
996 578 
226 579 
283 579 
300 579 
578 579 
580 579 
826 579 
847 579 
178 580 
579 580 
581 580 
696 580 
399 581 
580 581 
582 581 
102 582 
370 582 
499 582 
529 582 
581 582 
583 582 
620 582 
31 583 
289 583 
479 583 
540 583 
582 583 
584 583 
717 583 
887 583 
497 584 
583 584 
748 584 
910 584 
118 585 
211 586 
368 586 
398 586 
546 586 
994 586 
324 587 
110 588 
200 588 
595 588 
154 589 
163 589 
154 590 
162 590 
189 590 
321 590 
372 590 
457 590 
469 590 
476 590 
500 590 
571 590 
619 590 
673 590 
776 590 
922 590 
1 591 
234 591 
403 591 
467 591 
557 591 
592 591 
831 591 
893 591 
591 592 
593 592 
592 593 
646 593 
711 593 
809 593 
335 594 
615 594 
721 594 
107 595 
110 595 
200 595 
355 595 
588 595 
33 596 
324 596 
597 596 
635 596 
54 597 
313 597 
596 597 
598 597 
735 597 
889 597 
113 598 
597 598 
599 598 
253 599 
367 599 
548 599 
578 599 
598 599 
600 599 
612 599 
765 599 
996 599 
16 600 
24 600 
33 600 
45 600 
52 600 
175 600 
241 600 
259 600 
276 600 
303 600 
314 600 
324 600 
360 600 
377 600 
403 600 
444 600 
466 600 
488 600 
494 600 
507 600 
527 600 
599 600 
601 600 
666 600 
699 600 
712 600 
804 600 
838 600 
925 600 
959 600 
979 600 
16 601 
33 601 
58 601 
73 601 
154 601 
191 601 
201 601 
209 601 
259 601 
324 601 
403 601 
408 601 
409 601 
424 601 
488 601 
494 601 
525 601 
564 601 
600 601 
602 601 
635 601 
750 601 
804 601 
838 601 
904 601 
947 601 
462 602 
601 602 
603 602 
672 602 
859 602 
238 603 
602 603 
154 604 
205 604 
271 605 
238 606 
364 606 
991 606 
33 607 
324 607 
904 607 
16 608 
324 608 
533 608 
122 609 
154 609 
81 610 
257 610 
731 610 
612 611 
729 611 
804 611 
367 612 
599 612 
611 612 
613 612 
765 612 
996 612 
146 613 
612 613 
614 613 
388 614 
428 614 
487 614 
613 614 
806 614 
322 615 
335 615 
370 615 
388 615 
487 615 
517 615 
594 615 
616 615 
682 615 
721 615 
805 615 
806 615 
856 615 
997 615 
179 616 
535 616 
565 616 
615 616 
617 616 
647 616 
703 616 
791 616 
616 617 
973 617 
93 618 
120 618 
324 618 
772 618 
781 618 
789 618 
847 618 
590 619 
922 619 
35 620 
102 620 
154 620 
213 620 
237 620 
370 620 
386 620 
439 620 
461 620 
486 620 
499 620 
529 620 
545 620 
582 620 
621 620 
688 620 
761 620 
776 620 
919 620 
964 620 
256 621 
620 621 
622 621 
993 621 
621 622 
623 622 
664 622 
719 622 
28 623 
82 623 
199 623 
281 623 
349 623 
410 623 
622 623 
624 623 
691 623 
739 623 
982 623 
186 624 
623 624 
625 624 
678 624 
963 624 
143 625 
624 625 
626 625 
154 626 
625 626 
943 626 
241 627 
37 628 
40 628 
77 628 
106 628 
170 628 
334 628 
542 628 
896 628 
907 628 
37 629 
111 629 
113 629 
170 629 
173 629 
200 629 
248 629 
271 629 
345 629 
350 629 
363 629 
395 629 
400 629 
442 629 
508 629 
641 629 
656 629 
685 629 
768 629 
786 629 
802 629 
818 629 
839 629 
896 629 
926 629 
934 629 
114 630 
170 630 
631 630 
845 630 
630 631 
632 631 
248 632 
631 632 
569 633 
37 634 
106 634 
549 634 
700 634 
762 634 
854 634 
16 635 
33 635 
93 635 
154 635 
155 635 
298 635 
324 635 
366 635 
393 635 
402 635 
409 635 
488 635 
511 635 
544 635 
564 635 
596 635 
601 635 
651 635 
798 635 
830 635 
847 635 
878 635 
904 635 
948 635 
1000 635 
637 636 
893 636 
636 637 
638 637 
325 638 
326 638 
363 638 
390 638 
637 638 
685 638 
918 638 
956 638 
640 639 
867 639 
639 640 
641 640 
345 641 
629 641 
640 641 
656 641 
118 642 
643 642 
430 643 
437 643 
642 643 
644 643 
643 644 
645 644 
536 645 
644 645 
689 645 
593 646 
647 646 
711 646 
809 646 
880 646 
179 647 
535 647 
565 647 
616 647 
646 647 
648 647 
703 647 
647 648 
649 648 
794 648 
546 649 
648 649 
324 650 
33 651 
324 651 
366 651 
511 651 
635 651 
280 652 
403 652 
706 652 
893 652 
897 652 
111 653 
170 653 
350 653 
786 653 
818 653 
170 654 
181 654 
305 654 
328 654 
505 654 
553 654 
655 654 
896 654 
992 654 
265 655 
654 655 
656 655 
37 656 
111 656 
113 656 
170 656 
173 656 
200 656 
248 656 
271 656 
345 656 
350 656 
363 656 
395 656 
400 656 
442 656 
508 656 
629 656 
641 656 
655 656 
657 656 
685 656 
768 656 
786 656 
802 656 
818 656 
839 656 
896 656 
926 656 
91 657 
656 657 
658 657 
226 658 
657 658 
847 658 
901 658 
660 659 
847 659 
884 659 
901 659 
659 660 
661 660 
950 660 
432 661 
660 661 
662 661 
324 662 
661 662 
663 662 
167 663 
662 663 
664 663 
37 664 
251 664 
622 664 
663 664 
665 664 
719 664 
894 664 
939 664 
664 665 
666 665 
175 666 
259 666 
303 666 
324 666 
494 666 
600 666 
665 666 
838 666 
154 667 
965 667 
154 668 
965 668 
93 669 
670 669 
781 669 
349 670 
543 670 
669 670 
671 670 
828 670 
993 670 
37 671 
150 671 
236 671 
524 671 
670 671 
672 671 
462 672 
602 672 
671 672 
673 672 
859 672 
162 673 
469 673 
500 673 
590 673 
672 673 
776 673 
922 673 
200 674 
247 674 
558 675 
872 675 
154 676 
677 676 
726 676 
846 676 
943 676 
229 677 
676 677 
678 677 
803 677 
186 678 
624 678 
677 678 
679 678 
843 678 
874 678 
963 678 
229 679 
293 679 
678 679 
680 679 
803 679 
16 680 
25 680 
324 680 
679 680 
681 680 
680 681 
682 681 
615 682 
681 682 
525 683 
684 683 
78 684 
683 684 
685 684 
8 685 
37 685 
107 685 
148 685 
152 685 
161 685 
170 685 
200 685 
246 685 
247 685 
268 685 
271 685 
324 685 
325 685 
326 685 
363 685 
376 685 
390 685 
403 685 
448 685 
473 685 
498 685 
629 685 
638 685 
656 685 
684 685 
749 685 
763 685 
768 685 
774 685 
779 685 
810 685 
827 685 
853 685 
893 685 
918 685 
956 685 
958 685 
93 686 
753 687 
796 687 
370 688 
386 688 
620 688 
964 688 
536 689 
645 689 
893 689 
176 690 
260 690 
370 690 
691 690 
623 691 
690 691 
692 691 
403 692 
691 692 
93 693 
300 693 
694 693 
847 693 
903 693 
971 693 
693 694 
695 694 
93 695 
154 695 
226 695 
324 695 
694 695 
696 695 
753 695 
793 695 
847 695 
884 695 
901 695 
178 696 
580 696 
695 696 
697 696 
312 697 
696 697 
698 697 
734 697 
842 697 
896 697 
929 697 
998 697 
235 698 
561 698 
697 698 
699 698 
494 699 
600 699 
698 699 
37 700 
294 700 
549 700 
634 700 
762 700 
854 700 
702 701 
768 701 
920 701 
949 701 
701 702 
703 702 
179 703 
535 703 
565 703 
616 703 
647 703 
702 703 
704 703 
534 704 
703 704 
16 705 
274 705 
296 705 
324 705 
340 705 
757 705 
280 706 
403 706 
652 706 
897 706 
248 707 
97 708 
208 708 
776 708 
154 709 
373 709 
554 709 
776 709 
50 710 
242 710 
593 711 
646 711 
804 711 
809 711 
880 711 
377 712 
600 712 
979 712 
311 713 
714 713 
804 713 
301 714 
713 714 
715 714 
714 715 
716 715 
715 716 
717 716 
583 717 
716 717 
718 717 
295 718 
717 718 
37 719 
251 719 
319 719 
524 719 
622 719 
664 719 
894 719 
939 719 
804 720 
945 720 
322 721 
335 721 
594 721 
615 721 
722 721 
721 722 
723 722 
136 723 
370 723 
722 723 
154 724 
725 724 
724 725 
726 725 
764 725 
154 726 
676 726 
725 726 
943 726 
817 727 
207 728 
611 729 
804 729 
140 730 
282 730 
382 730 
536 730 
893 730 
22 731 
449 731 
610 731 
147 732 
504 732 
37 733 
524 733 
894 733 
2 734 
37 734 
40 734 
106 734 
149 734 
170 734 
228 734 
231 734 
312 734 
334 734 
551 734 
697 734 
735 734 
842 734 
896 734 
927 734 
929 734 
998 734 
290 735 
597 735 
734 735 
736 735 
145 736 
397 736 
509 736 
735 736 
569 737 
973 737 
259 738 
739 738 
895 738 
4 739 
60 739 
199 739 
349 739 
410 739 
623 739 
738 739 
740 739 
93 740 
739 740 
953 740 
306 741 
742 741 
313 742 
741 742 
743 742 
889 742 
424 743 
742 743 
744 743 
743 744 
745 744 
84 745 
537 745 
744 745 
807 746 
419 747 
497 748 
546 748 
584 748 
910 748 
161 749 
363 749 
376 749 
685 749 
763 749 
409 750 
488 750 
601 750 
751 750 
947 750 
349 751 
750 751 
752 751 
870 751 
229 752 
751 752 
753 752 
93 753 
115 753 
154 753 
226 753 
267 753 
324 753 
327 753 
687 753 
695 753 
752 753 
799 753 
847 753 
849 753 
879 753 
884 753 
901 753 
539 754 
881 754 
965 755 
361 756 
569 756 
864 756 
274 757 
324 757 
340 757 
705 757 
758 757 
757 758 
759 758 
889 758 
37 759 
524 759 
758 759 
762 759 
935 759 
259 760 
838 760 
370 761 
461 761 
499 761 
620 761 
37 762 
106 762 
166 762 
433 762 
524 762 
549 762 
570 762 
634 762 
700 762 
759 762 
819 762 
161 763 
325 763 
363 763 
376 763 
685 763 
749 763 
764 763 
725 764 
763 764 
765 764 
253 765 
367 765 
456 765 
548 765 
578 765 
599 765 
612 765 
764 765 
766 765 
996 765 
765 766 
767 766 
69 767 
229 767 
766 767 
768 767 
803 767 
113 768 
170 768 
194 768 
200 768 
271 768 
363 768 
629 768 
656 768 
685 768 
701 768 
767 768 
877 768 
920 768 
949 768 
536 769 
50 770 
141 770 
154 770 
198 770 
242 770 
255 770 
356 770 
370 770 
380 770 
464 770 
771 770 
776 770 
823 770 
898 770 
980 770 
128 771 
547 771 
770 771 
772 771 
974 771 
93 772 
120 772 
232 772 
618 772 
771 772 
773 772 
789 772 
792 772 
847 772 
984 772 
772 773 
774 773 
200 774 
246 774 
268 774 
325 774 
326 774 
363 774 
376 774 
390 774 
498 774 
685 774 
773 774 
918 774 
956 774 
225 775 
403 775 
893 775 
9 776 
16 776 
20 776 
33 776 
37 776 
50 776 
57 776 
59 776 
67 776 
93 776 
96 776 
97 776 
154 776 
156 776 
162 776 
165 776 
170 776 
189 776 
192 776 
198 776 
200 776 
202 776 
205 776 
208 776 
221 776 
242 776 
250 776 
264 776 
308 776 
309 776 
321 776 
324 776 
348 776 
363 776 
370 776 
372 776 
373 776 
374 776 
381 776 
403 776 
441 776 
452 776 
453 776 
457 776 
464 776 
469 776 
475 776 
476 776 
489 776 
537 776 
554 776 
571 776 
590 776 
620 776 
673 776 
708 776 
709 776 
770 776 
846 776 
847 776 
866 776 
873 776 
882 776 
893 776 
922 776 
932 776 
961 776 
965 776 
977 776 
154 777 
205 777 
450 777 
79 778 
363 779 
448 779 
685 779 
810 779 
145 780 
93 781 
324 781 
412 781 
618 781 
669 781 
847 781 
118 782 
211 782 
398 782 
48 783 
127 783 
403 783 
468 783 
784 783 
783 784 
785 784 
77 785 
106 785 
784 785 
37 786 
111 786 
113 786 
170 786 
173 786 
248 786 
271 786 
345 786 
350 786 
363 786 
395 786 
508 786 
629 786 
653 786 
656 786 
802 786 
818 786 
839 786 
926 786 
170 787 
508 787 
37 788 
483 788 
515 788 
93 789 
120 789 
232 789 
618 789 
772 789 
790 789 
792 789 
984 789 
789 790 
791 790 
179 791 
535 791 
616 791 
790 791 
792 791 
93 792 
120 792 
232 792 
772 792 
789 792 
791 792 
984 792 
695 793 
794 793 
847 793 
492 794 
648 794 
793 794 
795 794 
269 795 
794 795 
796 795 
687 796 
795 796 
797 796 
796 797 
798 797 
16 798 
33 798 
324 798 
635 798 
797 798 
830 798 
878 798 
1000 798 
115 799 
753 799 
847 799 
879 799 
808 800 
852 800 
160 801 
388 801 
487 801 
111 802 
170 802 
350 802 
629 802 
656 802 
786 802 
803 802 
818 802 
69 803 
229 803 
540 803 
677 803 
679 803 
767 803 
802 803 
804 803 
33 804 
90 804 
154 804 
180 804 
200 804 
241 804 
324 804 
337 804 
403 804 
494 804 
521 804 
539 804 
600 804 
601 804 
611 804 
711 804 
713 804 
720 804 
729 804 
803 804 
881 804 
893 804 
916 804 
931 804 
945 804 
517 805 
615 805 
160 806 
193 806 
388 806 
428 806 
487 806 
614 806 
615 806 
154 807 
218 807 
746 807 
147 808 
200 808 
207 808 
247 808 
338 808 
394 808 
403 808 
417 808 
536 808 
800 808 
852 808 
893 808 
928 808 
593 809 
646 809 
711 809 
200 810 
325 810 
326 810 
363 810 
376 810 
448 810 
685 810 
779 810 
855 810 
267 811 
216 812 
566 812 
200 813 
247 813 
814 813 
868 813 
944 813 
813 814 
815 814 
334 815 
814 815 
112 816 
183 816 
451 816 
896 816 
278 817 
370 817 
727 817 
999 817 
111 818 
170 818 
350 818 
629 818 
653 818 
656 818 
786 818 
802 818 
839 818 
926 818 
37 819 
762 819 
87 820 
403 820 
893 820 
403 821 
484 821 
506 821 
331 822 
416 822 
380 823 
464 823 
770 823 
154 824 
392 824 
825 824 
824 825 
826 825 
93 826 
226 826 
283 826 
300 826 
343 826 
446 826 
541 826 
579 826 
825 826 
847 826 
901 826 
325 827 
326 827 
363 827 
376 827 
685 827 
828 827 
956 827 
60 828 
349 828 
670 828 
827 828 
829 828 
870 828 
921 828 
993 828 
251 829 
828 829 
894 829 
16 830 
324 830 
635 830 
798 830 
878 830 
234 831 
403 831 
467 831 
591 831 
832 831 
893 831 
831 832 
833 832 
403 833 
832 833 
896 834 
929 834 
348 835 
381 835 
441 835 
526 835 
447 836 
485 836 
837 836 
19 837 
836 837 
838 837 
175 838 
177 838 
259 838 
324 838 
477 838 
488 838 
494 838 
600 838 
601 838 
666 838 
760 838 
837 838 
895 838 
111 839 
170 839 
350 839 
629 839 
656 839 
786 839 
818 839 
926 839 
874 840 
888 840 
963 840 
295 841 
312 842 
551 842 
697 842 
734 842 
896 842 
929 842 
998 842 
186 843 
388 843 
678 843 
874 843 
963 843 
387 844 
481 844 
114 845 
170 845 
577 845 
630 845 
154 846 
217 846 
676 846 
776 846 
943 846 
965 846 
16 847 
33 847 
93 847 
115 847 
154 847 
158 847 
200 847 
226 847 
249 847 
267 847 
283 847 
300 847 
324 847 
343 847 
370 847 
403 847 
446 847 
537 847 
541 847 
550 847 
579 847 
618 847 
635 847 
658 847 
659 847 
693 847 
695 847 
753 847 
772 847 
776 847 
781 847 
793 847 
799 847 
826 847 
876 847 
879 847 
884 847 
893 847 
901 847 
903 847 
909 847 
965 847 
539 848 
881 848 
327 849 
753 849 
850 849 
849 850 
851 850 
219 851 
271 851 
850 851 
800 852 
808 852 
325 853 
363 853 
685 853 
956 853 
37 854 
294 854 
634 854 
700 854 
363 855 
448 855 
810 855 
615 856 
857 856 
28 857 
856 857 
858 857 
440 858 
857 858 
859 858 
602 859 
672 859 
858 859 
860 859 
859 860 
861 860 
23 861 
430 861 
437 861 
860 861 
862 861 
506 862 
861 862 
137 863 
536 863 
361 864 
538 864 
569 864 
756 864 
62 865 
539 865 
881 865 
931 865 
165 866 
202 866 
309 866 
475 866 
776 866 
101 867 
639 867 
32 868 
88 868 
107 868 
200 868 
204 868 
247 868 
363 868 
514 868 
575 868 
813 868 
944 868 
14 869 
51 869 
113 869 
271 869 
304 869 
870 869 
60 870 
349 870 
751 870 
828 870 
869 870 
871 870 
870 871 
872 871 
172 872 
558 872 
675 872 
871 872 
18 873 
50 873 
198 873 
242 873 
776 873 
952 873 
186 874 
678 874 
840 874 
843 874 
963 874 
241 875 
563 875 
300 876 
541 876 
847 876 
768 877 
16 878 
33 878 
324 878 
635 878 
798 878 
830 878 
1000 878 
115 879 
753 879 
799 879 
847 879 
646 880 
711 880 
142 881 
196 881 
227 881 
403 881 
510 881 
539 881 
754 881 
804 881 
848 881 
865 881 
931 881 
57 882 
165 882 
202 882 
309 882 
776 882 
262 883 
266 883 
903 883 
93 884 
158 884 
226 884 
659 884 
695 884 
753 884 
847 884 
901 884 
184 885 
200 885 
247 885 
987 885 
37 886 
236 886 
524 886 
887 886 
894 886 
908 886 
132 887 
289 887 
583 887 
886 887 
888 887 
44 888 
493 888 
840 888 
887 888 
889 888 
54 889 
313 889 
597 889 
742 889 
758 889 
888 889 
890 889 
154 890 
425 890 
470 890 
480 890 
889 890 
891 890 
890 891 
892 891 
302 892 
891 892 
893 892 
990 892 
37 893 
74 893 
107 893 
140 893 
147 893 
154 893 
170 893 
200 893 
225 893 
245 893 
247 893 
280 893 
282 893 
295 893 
324 893 
363 893 
369 893 
382 893 
403 893 
406 893 
427 893 
536 893 
539 893 
591 893 
636 893 
652 893 
685 893 
689 893 
730 893 
775 893 
776 893 
804 893 
808 893 
820 893 
831 893 
847 893 
892 893 
897 893 
906 893 
930 893 
931 893 
954 893 
37 894 
236 894 
251 894 
319 894 
524 894 
664 894 
719 894 
733 894 
829 894 
886 894 
989 894 
177 895 
259 895 
477 895 
567 895 
738 895 
838 895 
2 896 
27 896 
37 896 
40 896 
49 896 
53 896 
106 896 
112 896 
149 896 
170 896 
181 896 
228 896 
231 896 
287 896 
312 896 
334 896 
385 896 
542 896 
551 896 
553 896 
628 896 
629 896 
654 896 
656 896 
697 896 
734 896 
816 896 
834 896 
842 896 
927 896 
929 896 
976 896 
992 896 
998 896 
280 897 
403 897 
652 897 
706 897 
893 897 
242 898 
356 898 
464 898 
770 898 
94 899 
200 899 
247 899 
900 899 
297 900 
445 900 
899 900 
901 900 
93 901 
154 901 
158 901 
226 901 
300 901 
324 901 
550 901 
658 901 
659 901 
695 901 
753 901 
826 901 
847 901 
884 901 
900 901 
902 901 
31 902 
901 902 
903 902 
66 903 
93 903 
266 903 
300 903 
693 903 
847 903 
883 903 
902 903 
971 903 
16 904 
33 904 
324 904 
488 904 
513 904 
564 904 
601 904 
607 904 
635 904 
497 905 
910 905 
893 906 
542 907 
628 907 
524 908 
886 908 
154 909 
391 909 
415 909 
537 909 
847 909 
497 910 
584 910 
748 910 
905 910 
911 910 
910 911 
912 911 
17 912 
358 912 
911 912 
145 913 
272 913 
273 913 
914 913 
256 914 
913 914 
915 914 
993 914 
914 915 
916 915 
180 916 
521 916 
804 916 
915 916 
116 917 
325 918 
326 918 
363 918 
390 918 
638 918 
685 918 
774 918 
956 918 
102 919 
370 919 
439 919 
486 919 
545 919 
620 919 
701 920 
768 920 
921 920 
949 920 
349 921 
828 921 
920 921 
922 921 
162 922 
469 922 
590 922 
619 922 
673 922 
776 922 
921 922 
49 923 
170 923 
26 924 
241 924 
310 924 
52 925 
507 925 
600 925 
37 926 
111 926 
170 926 
350 926 
375 926 
422 926 
508 926 
629 926 
656 926 
786 926 
818 926 
839 926 
957 926 
312 927 
551 927 
734 927 
896 927 
808 928 
27 929 
53 929 
112 929 
170 929 
287 929 
312 929 
334 929 
697 929 
734 929 
834 929 
842 929 
896 929 
976 929 
893 930 
62 931 
196 931 
403 931 
510 931 
539 931 
804 931 
865 931 
881 931 
893 931 
308 932 
776 932 
200 933 
345 934 
629 934 
37 935 
263 935 
759 935 
147 936 
200 936 
362 936 
937 936 
983 936 
936 937 
938 937 
33 938 
324 938 
937 938 
251 939 
664 939 
719 939 
71 940 
324 940 
941 940 
940 941 
942 941 
941 942 
943 942 
154 943 
425 943 
626 943 
676 943 
726 943 
846 943 
942 943 
965 943 
200 944 
813 944 
868 944 
720 945 
804 945 
351 946 
370 946 
73 947 
324 947 
409 947 
488 947 
601 947 
750 947 
33 948 
155 948 
324 948 
511 948 
635 948 
701 949 
768 949 
920 949 
950 949 
660 950 
949 950 
951 950 
113 951 
950 951 
18 952 
50 952 
198 952 
873 952 
93 953 
324 953 
740 953 
403 954 
893 954 
955 954 
954 955 
956 955 
8 956 
200 956 
325 956 
326 956 
363 956 
376 956 
390 956 
498 956 
638 956 
685 956 
774 956 
827 956 
853 956 
918 956 
955 956 
170 957 
375 957 
508 957 
926 957 
200 958 
363 958 
685 958 
24 959 
52 959 
360 959 
466 959 
507 959 
600 959 
960 959 
959 960 
961 960 
776 961 
960 961 
37 962 
195 962 
236 962 
359 962 
524 962 
186 963 
388 963 
624 963 
678 963 
840 963 
843 963 
874 963 
370 964 
378 964 
386 964 
555 964 
620 964 
688 964 
154 965 
217 965 
392 965 
667 965 
668 965 
755 965 
776 965 
846 965 
847 965 
943 965 
966 965 
965 966 
967 966 
154 967 
966 967 
154 968 
261 968 
969 968 
224 969 
968 969 
970 969 
145 970 
279 970 
969 970 
693 971 
903 971 
972 971 
971 972 
973 972 
617 973 
737 973 
972 973 
974 973 
547 974 
771 974 
973 974 
975 974 
37 975 
106 975 
974 975 
287 976 
896 976 
929 976 
59 977 
221 977 
374 977 
776 977 
978 977 
556 978 
977 978 
979 978 
52 979 
377 979 
494 979 
507 979 
527 979 
600 979 
712 979 
978 979 
255 980 
464 980 
770 980 
981 980 
399 981 
980 981 
982 981 
623 982 
981 982 
983 982 
147 983 
362 983 
936 983 
982 983 
93 984 
120 984 
232 984 
772 984 
789 984 
792 984 
338 985 
986 985 
985 986 
987 986 
184 987 
200 987 
247 987 
885 987 
986 987 
271 988 
251 989 
319 989 
894 989 
990 989 
302 990 
540 990 
892 990 
989 990 
991 990 
49 991 
130 991 
220 991 
238 991 
364 991 
606 991 
990 991 
49 992 
170 992 
181 992 
238 992 
305 992 
328 992 
505 992 
553 992 
654 992 
896 992 
993 992 
256 993 
297 993 
349 993 
445 993 
573 993 
621 993 
670 993 
828 993 
914 993 
992 993 
994 993 
211 994 
398 994 
586 994 
993 994 
995 994 
994 995 
996 995 
15 996 
109 996 
253 996 
277 996 
367 996 
456 996 
548 996 
559 996 
578 996 
599 996 
612 996 
765 996 
995 996 
997 996 
615 997 
996 997 
312 998 
697 998 
734 998 
842 998 
896 998 
817 999 
16 1000 
33 1000 
155 1000 
324 1000 
393 1000 
511 1000 
544 1000 
635 1000 
798 1000 
878 1000 
