1 2 
2 4 
3 5 
4 4 
5 4 
6 1 
7 1 
8 6 
9 6 
10 6 
11 2 
12 5 
13 4 
14 3 
15 3 
16 3 
17 3 
18 1 
19 1 
20 2 
21 2 
22 6 
23 1 
24 1 
25 1 
26 1 
27 6 
28 1 
29 3 
30 2 
31 3 
32 1 
33 1 
34 2 
35 2 
36 3 
37 3 
38 6 
39 6 
40 4 
41 4 
42 4 
43 4 
44 1 
45 5 
46 1 
47 6 
48 4 
49 1 
50 2 
51 3 
52 5 
53 2 
54 3 
55 2 
56 2 
57 2 
58 3 
59 3 
60 1 
61 5 
62 5 
63 4 
64 4 
65 5 
66 1 
67 1 
68 3 
69 3 
70 1 
71 3 
72 2 
73 3 
74 5 
75 1 
76 2 
77 1 
78 4 
79 4 
80 3 
81 3 
82 6 
83 1 
84 2 
85 2 
86 2 
87 2 
88 1 
89 3 
90 5 
91 5 
92 5 
93 5 
94 6 
95 3 
96 2 
97 1 
98 1 
99 1 
100 1 
