11 1 
29 1 
35 1 
55 1 
86 1 
63 2 
79 2 
4 3 
19 3 
61 3 
62 3 
90 3 
93 3 
3 4 
5 4 
4 5 
48 5 
19 6 
67 6 
8 7 
19 7 
67 7 
88 7 
7 8 
9 8 
8 9 
10 9 
39 9 
82 9 
9 10 
65 10 
1 11 
35 11 
55 11 
86 11 
90 12 
42 13 
78 13 
19 14 
29 14 
36 14 
51 14 
54 14 
58 14 
73 14 
81 14 
95 14 
29 15 
37 16 
73 16 
89 16 
73 17 
19 18 
49 18 
90 18 
3 19 
6 19 
7 19 
14 19 
18 19 
20 19 
23 19 
24 19 
26 19 
28 19 
29 19 
32 19 
33 19 
44 19 
46 19 
49 19 
52 19 
58 19 
60 19 
61 19 
62 19 
63 19 
66 19 
67 19 
70 19 
73 19 
75 19 
77 19 
78 19 
83 19 
88 19 
90 19 
93 19 
94 19 
95 19 
97 19 
98 19 
99 19 
100 19 
19 20 
21 20 
34 20 
85 20 
20 21 
30 21 
53 21 
76 21 
96 21 
94 22 
19 23 
75 23 
19 24 
25 24 
77 24 
97 24 
24 25 
26 25 
19 26 
25 26 
28 26 
33 26 
60 26 
67 26 
75 26 
77 26 
83 26 
90 26 
98 26 
38 27 
19 28 
26 28 
1 29 
14 29 
15 29 
19 29 
51 29 
71 29 
73 29 
95 29 
21 30 
76 30 
96 30 
58 31 
73 31 
19 32 
77 32 
99 32 
19 33 
26 33 
34 33 
60 33 
67 33 
20 34 
33 34 
35 34 
85 34 
1 35 
11 35 
34 35 
53 35 
55 35 
72 35 
96 35 
14 36 
51 36 
81 36 
95 36 
16 37 
73 37 
89 37 
27 38 
39 38 
47 38 
94 38 
9 39 
38 39 
40 39 
82 39 
39 40 
41 40 
78 40 
40 41 
42 41 
43 41 
13 42 
41 42 
43 42 
78 42 
41 43 
42 43 
44 43 
19 44 
43 44 
67 44 
100 44 
90 45 
19 46 
38 47 
5 48 
78 48 
18 49 
19 49 
53 50 
72 50 
14 51 
29 51 
36 51 
73 51 
81 51 
95 51 
19 52 
61 52 
65 52 
90 52 
21 53 
35 53 
50 53 
72 53 
76 53 
96 53 
14 54 
69 54 
73 54 
95 54 
1 55 
11 55 
35 55 
56 55 
55 56 
57 56 
56 57 
58 57 
14 58 
19 58 
31 58 
57 58 
59 58 
73 58 
80 58 
95 58 
58 59 
73 59 
19 60 
26 60 
33 60 
67 60 
83 60 
98 60 
3 61 
19 61 
52 61 
65 61 
90 61 
3 62 
19 62 
90 62 
93 62 
2 63 
19 63 
64 63 
78 63 
79 63 
63 64 
65 64 
10 65 
52 65 
61 65 
64 65 
90 65 
19 66 
70 66 
6 67 
7 67 
19 67 
26 67 
33 67 
44 67 
60 67 
70 67 
77 67 
83 67 
88 67 
90 67 
98 67 
100 67 
73 68 
95 68 
54 69 
95 69 
19 70 
66 70 
67 70 
29 71 
35 72 
50 72 
53 72 
96 72 
14 73 
16 73 
17 73 
19 73 
29 73 
31 73 
37 73 
51 73 
54 73 
58 73 
59 73 
68 73 
74 73 
80 73 
89 73 
90 73 
95 73 
73 74 
75 74 
91 74 
19 75 
23 75 
26 75 
74 75 
21 76 
30 76 
53 76 
96 76 
19 77 
24 77 
26 77 
32 77 
67 77 
90 77 
97 77 
99 77 
13 78 
19 78 
40 78 
42 78 
48 78 
63 78 
79 78 
94 78 
2 79 
63 79 
78 79 
58 80 
73 80 
14 81 
36 81 
51 81 
82 81 
95 81 
9 82 
39 82 
81 82 
83 82 
84 82 
19 83 
26 83 
60 83 
67 83 
82 83 
84 83 
98 83 
82 84 
83 84 
85 84 
20 85 
34 85 
84 85 
86 85 
1 86 
11 86 
85 86 
87 86 
86 87 
88 87 
7 88 
19 88 
67 88 
87 88 
16 89 
37 89 
73 89 
3 90 
12 90 
18 90 
19 90 
26 90 
45 90 
52 90 
61 90 
62 90 
65 90 
67 90 
73 90 
77 90 
91 90 
93 90 
74 91 
90 91 
92 91 
91 92 
93 92 
3 93 
19 93 
62 93 
90 93 
92 93 
19 94 
22 94 
38 94 
78 94 
14 95 
19 95 
29 95 
36 95 
51 95 
54 95 
58 95 
68 95 
69 95 
73 95 
81 95 
21 96 
30 96 
35 96 
53 96 
72 96 
76 96 
19 97 
24 97 
77 97 
19 98 
26 98 
60 98 
67 98 
83 98 
19 99 
32 99 
77 99 
19 100 
44 100 
67 100 
